Pa = [0 0.5 0.5 0 0;
      0 0 0 0.4 0.6;
      0 0 0 0.7 0.3
      1 0 0 0 0
      1 0 0 0 0];
Pb = [0.2 0.2 0.4 0.2 0;
      0 0.7 0.3 0 0;
      0 0.5 0.5 0 0;
      0 0 0 0.4 0.6;
      0 0 0 0.7 0.3];

Pc = [0.4 0.4 0.2 0 0;
      0.2 0.2 0.4 0.2 0;
      0 0 0.3 0.1 0.6;
      0 0 0.4 0.5 0.1;
      1 0 0 0 0];
